i	j	k	b_idx	sig	lam
1	3	5	0	2.5306	4.2000
3	5	7	1	2.2967	4.2000
5	7	9	2	2.9284	4.2000
7	9	11	3	2.6667	4.2000
9	11	13	4	2.5303	4.2000
11	13	15	5	2.2967	4.2000
13	15	17	6	2.9284	4.2000
15	17	19	7	2.6666	4.2000
17	19	21	8	2.5303	4.2000
19	21	23	9	2.2967	4.2000
21	23	25	10	2.9284	4.2000
23	25	27	11	2.6667	4.2000
25	27	29	12	2.5307	4.2000
27	29	31	13	2.2965	4.2000
29	31	33	14	2.9284	4.2000
31	33	35	15	2.6667	4.2000
33	35	37	16	2.5305	4.2000
35	37	39	17	2.2967	4.2000
37	39	41	18	2.9283	4.2000
39	41	43	19	2.6667	4.2000
41	43	45	20	2.5306	4.2000
43	45	47	21	2.2965	4.2000
45	47	49	22	2.9284	4.2000
47	49	51	23	2.6667	4.2000
49	51	53	24	2.5305	4.2000
51	53	55	25	2.2965	4.2000
53	55	57	26	2.9284	4.2000
55	57	59	27	2.6667	4.2000
57	59	61	28	2.5304	4.2000
59	61	63	29	2.2966	4.2000
61	63	65	30	2.9284	4.2000
63	65	67	31	2.6667	4.2000
65	67	69	32	2.5304	4.2000
67	69	71	33	2.2966	4.2000
69	71	73	34	2.9284	4.2000
71	73	75	35	2.6668	4.2000
73	75	77	36	2.5303	4.2000
75	77	79	37	2.2967	4.2000
77	79	81	38	2.9283	4.2000
79	81	83	39	2.6666	4.2000
81	83	85	40	2.5304	4.2000
83	85	87	41	2.2966	4.2000
85	87	89	42	2.9284	4.2000
87	89	91	43	2.6667	4.2000
89	91	93	44	2.5306	4.2000
91	93	95	45	2.2964	4.2000
93	95	97	46	2.9284	4.2000
95	97	99	47	2.6667	4.2000
97	99	101	48	2.5304	4.2000
99	101	103	49	2.2966	4.2000
101	103	105	50	2.9284	4.2000
103	105	107	51	2.6667	4.2000
105	107	109	52	2.5304	4.2000
107	109	111	53	2.2966	4.2000
109	111	113	54	2.9283	4.2000
111	113	115	55	2.6667	4.2000
113	115	117	56	2.5304	4.2000
115	117	119	57	2.2965	4.2000
117	119	121	58	2.9284	4.2000
119	121	123	59	2.6665	4.2000
121	123	125	60	2.5306	4.2000
123	125	127	61	2.2966	4.2000
125	127	129	62	2.9284	4.2000
127	129	131	63	2.6665	4.2000
129	131	133	64	2.5305	4.2000
131	133	135	65	2.2965	4.2000
133	135	137	66	2.9284	4.2000
135	137	139	67	2.6667	4.2000
137	139	141	68	2.5303	4.2000
139	141	143	69	2.2967	4.2000
141	143	145	70	2.9283	4.2000
143	145	147	71	2.6666	4.2000
145	147	149	72	2.5306	4.2000
147	149	151	73	2.2964	4.2000
149	151	153	74	2.9284	4.2000
151	153	155	75	2.6666	4.2000
153	155	157	76	2.5305	4.2000
155	157	159	77	2.2965	4.2000
157	159	161	78	2.9284	4.2000
159	161	163	79	2.6665	4.2000
161	163	165	80	2.5307	4.2000
163	165	167	81	2.2967	4.2000
165	167	169	82	2.9284	4.2000
167	169	171	83	2.6665	4.2000
169	171	173	84	2.5306	4.2000
171	173	175	85	2.2967	4.2000
173	175	177	86	2.9284	4.2000
175	177	179	87	2.6667	4.2000
177	179	181	88	2.5303	4.2000
179	181	183	89	2.2967	4.2000
181	183	185	90	2.9284	4.2000
183	185	187	91	2.6666	4.2000
185	187	189	92	2.5303	4.2000
187	189	191	93	2.2967	4.2000
189	191	193	94	2.9284	4.2000
191	193	195	95	2.6666	4.2000
193	195	197	96	2.5307	4.2000
195	197	199	97	2.2965	4.2000
197	199	201	98	2.9284	4.2000
199	201	203	99	2.6666	4.2000
201	203	205	100	2.5305	4.2000
203	205	207	101	2.2967	4.2000
205	207	209	102	2.9283	4.2000
207	209	211	103	2.6667	4.2000
209	211	213	104	2.5306	4.2000
211	213	215	105	2.2965	4.2000
213	215	217	106	2.9284	4.2000
215	217	219	107	2.6667	4.2000
217	219	221	108	2.5305	4.2000
219	221	223	109	2.2965	4.2000
221	223	225	110	2.9284	4.2000
223	225	227	111	2.6667	4.2000
225	227	229	112	2.5304	4.2000
227	229	231	113	2.2966	4.2000
229	231	233	114	2.9284	4.2000
231	233	235	115	2.6667	4.2000
233	235	237	116	2.5305	4.2000
235	237	239	117	2.2967	4.2000
237	239	241	118	2.9284	4.2000
239	241	243	119	2.6667	4.2000
241	243	245	120	2.5304	4.2000
243	245	247	121	2.2967	4.2000
245	247	249	122	2.9283	4.2000
247	249	251	123	2.6666	4.2000
249	251	253	124	2.5304	4.2000
251	253	255	125	2.2966	4.2000
253	255	257	126	2.9284	4.2000
255	257	259	127	2.6667	4.2000
257	259	261	128	2.5306	4.2000
259	261	263	129	2.2964	4.2000
261	263	265	130	2.9284	4.2000
263	265	267	131	2.6667	4.2000
265	267	269	132	2.5304	4.2000
267	269	271	133	2.2966	4.2000
269	271	273	134	2.9284	4.2000
271	273	275	135	2.6667	4.2000
273	275	277	136	2.5304	4.2000
275	277	279	137	2.2966	4.2000
277	279	281	138	2.9283	4.2000
279	281	283	139	2.6667	4.2000
281	283	285	140	2.5305	4.2000
283	285	287	141	2.2966	4.2000
285	287	289	142	2.9285	4.2000
287	289	291	143	2.6665	4.2000
289	291	293	144	2.5305	4.2000
291	293	295	145	2.2966	4.2000
293	295	297	146	2.9284	4.2000
295	297	299	147	2.6665	4.2000
297	299	301	148	2.5305	4.2000
299	301	303	149	2.2965	4.2000
301	303	305	150	2.9284	4.2000
303	305	307	151	2.6667	4.2000
305	307	309	152	2.5303	4.2000
307	309	311	153	2.2967	4.2000
309	311	313	154	2.9283	4.2000
311	313	315	155	2.6666	4.2000
313	315	317	156	2.5306	4.2000
315	317	319	157	2.2964	4.2000
317	319	321	158	2.9284	4.2000
319	321	323	159	2.6666	4.2000
321	323	325	160	2.5305	4.2000
323	325	327	161	2.2965	4.2000
325	327	329	162	2.9284	4.2000
327	329	331	163	2.6665	4.2000
329	331	333	164	2.5307	4.2000
331	333	335	165	2.2967	4.2000
333	335	337	166	2.9284	4.2000
335	337	339	167	2.6665	4.2000
337	339	341	168	2.5306	4.2000
339	341	343	169	2.2967	4.2000
341	343	345	170	2.9284	4.2000
343	345	347	171	2.6667	4.2000
345	347	349	172	2.5304	4.2000
347	349	351	173	2.2968	4.2000
349	351	353	174	2.9284	4.2000
351	353	355	175	2.6666	4.2000
353	355	357	176	2.5303	4.2000
355	357	359	177	2.2967	4.2000
357	359	361	178	2.9284	4.2000
359	361	363	179	2.6666	4.2000
361	363	365	180	2.5307	4.2000
363	365	367	181	2.2965	4.2000
365	367	369	182	2.9284	4.2000
367	369	371	183	2.6667	4.2000
369	371	373	184	2.5304	4.2000
371	373	375	185	2.2967	4.2000
373	375	377	186	2.9283	4.2000
375	377	379	187	2.6666	4.2000
377	379	381	188	2.5306	4.2000
379	381	383	189	2.2965	4.2000
381	383	385	190	2.9284	4.2000
383	385	387	191	2.6667	4.2000
385	387	389	192	2.5305	4.2000
387	389	391	193	2.2965	4.2000
389	391	393	194	2.9284	4.2000
391	393	395	195	2.6667	4.2000
393	395	397	196	2.5304	4.2000
395	397	399	197	2.2966	4.2000
397	399	401	198	2.9284	4.2000
399	401	403	199	2.6667	4.2000
401	403	405	200	2.5304	4.2000
403	405	407	201	2.2966	4.2000
405	407	409	202	2.9284	4.2000
407	409	411	203	2.6667	4.2000
409	411	413	204	2.5304	4.2000
411	413	415	205	2.2967	4.2000
413	415	417	206	2.9283	4.2000
415	417	419	207	2.6666	4.2000
417	419	421	208	2.5305	4.2000
419	421	423	209	2.2966	4.2000
421	423	425	210	2.9284	4.2000
423	425	427	211	2.6666	4.2000
425	427	429	212	2.5307	4.2000
427	429	431	213	2.2965	4.2000
429	431	433	214	2.9284	4.2000
431	433	435	215	2.6667	4.2000
433	435	437	216	2.5304	4.2000
435	437	439	217	2.2966	4.2000
437	439	441	218	2.9284	4.2000
439	441	443	219	2.6667	4.2000
441	443	445	220	2.5305	4.2000
443	445	447	221	2.2966	4.2000
445	447	449	222	2.9283	4.2000
447	449	451	223	2.6667	4.2000
449	451	453	224	2.5305	4.2000
451	453	455	225	2.2966	4.2000
453	455	457	226	2.9284	4.2000
455	457	459	227	2.6665	4.2000
457	459	461	228	2.5305	4.2000
459	461	463	229	2.2966	4.2000
461	463	465	230	2.9284	4.2000
463	465	467	231	2.6665	4.2000
465	467	469	232	2.5305	4.2000
467	469	471	233	2.2965	4.2000
469	471	473	234	2.9284	4.2000
471	473	475	235	2.6667	4.2000
473	475	477	236	2.5303	4.2000
475	477	479	237	2.2967	4.2000
477	479	481	238	2.9283	4.2000
479	481	483	239	2.6666	4.2000
481	483	485	240	2.5307	4.2000
483	485	487	241	2.2964	4.2000
485	487	489	242	2.9284	4.2000
487	489	491	243	2.6666	4.2000
489	491	493	244	2.5305	4.2000
491	493	495	245	2.2965	4.2000
493	495	497	246	2.9284	4.2000
495	497	499	247	2.6665	4.2000
497	499	501	248	2.5306	4.2000
499	501	503	249	2.2966	4.2000
501	503	505	250	2.9284	4.2000
503	505	507	251	2.6664	4.2000
505	507	509	252	2.5306	4.2000
507	509	511	253	2.2967	4.2000
509	511	513	254	2.9284	4.2000
511	513	515	255	2.6667	4.2000
513	515	517	256	2.5304	4.2000
515	517	519	257	2.2968	4.2000
517	519	521	258	2.9284	4.2000
519	521	523	259	2.6666	4.2000
521	523	525	260	2.5304	4.2000
523	525	527	261	2.2968	4.2000
525	527	529	262	2.9284	4.2000
527	529	531	263	2.6666	4.2000
529	531	533	264	2.5307	4.2000
531	533	535	265	2.2965	4.2000
533	535	537	266	2.9284	4.2000
535	537	539	267	2.6667	4.2000
537	539	541	268	2.5304	4.2000
539	541	543	269	2.2967	4.2000
541	543	545	270	2.9283	4.2000
543	545	547	271	2.6666	4.2000
545	547	549	272	2.5306	4.2000
547	549	551	273	2.2965	4.2000
549	551	553	274	2.9284	4.2000
551	553	555	275	2.6667	4.2000
553	555	557	276	2.5305	4.2000
555	557	559	277	2.3040	4.2000
561	563	565	278	2.6071	4.2000
563	565	567	279	2.8055	4.2000
565	567	569	280	2.4108	4.2000
567	569	571	281	2.6761	4.2000
569	571	573	282	2.6150	4.2000
571	573	575	283	2.8054	4.2000
573	575	577	284	2.4108	4.2000
575	577	579	285	2.6760	4.2000
577	579	581	286	2.6149	4.2000
579	581	583	287	2.8055	4.2000
581	583	585	288	2.4108	4.2000
583	585	587	289	2.6759	4.2000
585	587	589	290	2.6151	4.2000
587	589	591	291	2.8053	4.2000
589	591	593	292	2.4107	4.2000
591	593	595	293	2.6762	4.2000
593	595	597	294	2.6149	4.2000
595	597	599	295	2.8054	4.2000
597	599	601	296	2.4108	4.2000
599	601	603	297	2.6761	4.2000
601	603	605	298	2.6150	4.2000
603	605	607	299	2.8054	4.2000
605	607	609	300	2.4108	4.2000
607	609	611	301	2.6762	4.2000
609	611	613	302	2.6149	4.2000
611	613	615	303	2.8054	4.2000
613	615	617	304	2.4106	4.2000
615	617	619	305	2.6762	4.2000
617	619	621	306	2.6150	4.2000
619	621	623	307	2.8054	4.2000
621	623	625	308	2.4107	4.2000
623	625	627	309	2.6760	4.2000
625	627	629	310	2.6151	4.2000
627	629	631	311	2.8054	4.2000
629	631	633	312	2.4109	4.2000
631	633	635	313	2.6759	4.2000
633	635	637	314	2.6152	4.2000
635	637	639	315	2.8053	4.2000
637	639	641	316	2.4107	4.2000
639	641	643	317	2.6762	4.2000
641	643	645	318	2.6150	4.2000
643	645	647	319	2.8054	4.2000
645	647	649	320	2.4108	4.2000
647	649	651	321	2.6761	4.2000
649	651	653	322	2.6150	4.2000
651	653	655	323	2.8052	4.2000
653	655	657	324	2.4108	4.2000
655	657	659	325	2.6762	4.2000
657	659	661	326	2.6149	4.2000
659	661	663	327	2.8053	4.2000
661	663	665	328	2.4108	4.2000
663	665	667	329	2.6761	4.2000
665	667	669	330	2.6151	4.2000
667	669	671	331	2.8053	4.2000
669	671	673	332	2.4108	4.2000
671	673	675	333	2.6760	4.2000
673	675	677	334	2.6150	4.2000
675	677	679	335	2.8054	4.2000
677	679	681	336	2.4108	4.2000
679	681	683	337	2.6761	4.2000
681	683	685	338	2.6151	4.2000
683	685	687	339	2.8053	4.2000
685	687	689	340	2.4108	4.2000
687	689	691	341	2.6759	4.2000
689	691	693	342	2.6150	4.2000
691	693	695	343	2.8053	4.2000
693	695	697	344	2.4110	4.2000
695	697	699	345	2.6758	4.2000
697	699	701	346	2.6151	4.2000
699	701	703	347	2.8052	4.2000
701	703	705	348	2.4109	4.2000
703	705	707	349	2.6760	4.2000
705	707	709	350	2.6150	4.2000
707	709	711	351	2.8053	4.2000
709	711	713	352	2.4109	4.2000
711	713	715	353	2.6759	4.2000
713	715	717	354	2.6151	4.2000
715	717	719	355	2.8053	4.2000
717	719	721	356	2.4109	4.2000
719	721	723	357	2.6759	4.2000
721	723	725	358	2.6151	4.2000
723	725	727	359	2.8054	4.2000
725	727	729	360	2.4107	4.2000
727	729	731	361	2.6760	4.2000
729	731	733	362	2.6150	4.2000
731	733	735	363	2.8055	4.2000
733	735	737	364	2.4108	4.2000
735	737	739	365	2.6761	4.2000
737	739	741	366	2.6150	4.2000
739	741	743	367	2.8054	4.2000
741	743	745	368	2.4108	4.2000
743	745	747	369	2.6760	4.2000
745	747	749	370	2.6149	4.2000
747	749	751	371	2.8055	4.2000
749	751	753	372	2.4108	4.2000
751	753	755	373	2.6759	4.2000
753	755	757	374	2.6151	4.2000
755	757	759	375	2.8053	4.2000
757	759	761	376	2.4107	4.2000
759	761	763	377	2.6762	4.2000
761	763	765	378	2.6149	4.2000
763	765	767	379	2.8055	4.2000
765	767	769	380	2.4108	4.2000
767	769	771	381	2.6761	4.2000
769	771	773	382	2.6150	4.2000
771	773	775	383	2.8054	4.2000
773	775	777	384	2.4108	4.2000
775	777	779	385	2.6762	4.2000
777	779	781	386	2.6149	4.2000
779	781	783	387	2.8054	4.2000
781	783	785	388	2.4106	4.2000
783	785	787	389	2.6762	4.2000
785	787	789	390	2.6150	4.2000
787	789	791	391	2.8054	4.2000
789	791	793	392	2.4108	4.2000
791	793	795	393	2.6759	4.2000
793	795	797	394	2.6151	4.2000
795	797	799	395	2.8054	4.2000
797	799	801	396	2.4109	4.2000
799	801	803	397	2.6759	4.2000
801	803	805	398	2.6152	4.2000
803	805	807	399	2.8053	4.2000
805	807	809	400	2.4107	4.2000
807	809	811	401	2.6762	4.2000
809	811	813	402	2.6150	4.2000
811	813	815	403	2.8054	4.2000
813	815	817	404	2.4108	4.2000
815	817	819	405	2.6760	4.2000
817	819	821	406	2.6150	4.2000
819	821	823	407	2.8052	4.2000
821	823	825	408	2.4108	4.2000
823	825	827	409	2.6762	4.2000
825	827	829	410	2.6149	4.2000
827	829	831	411	2.8053	4.2000
829	831	833	412	2.4109	4.2000
831	833	835	413	2.6760	4.2000
833	835	837	414	2.6151	4.2000
835	837	839	415	2.8053	4.2000
837	839	841	416	2.4108	4.2000
839	841	843	417	2.6760	4.2000
841	843	845	418	2.6150	4.2000
843	845	847	419	2.8054	4.2000
845	847	849	420	2.4108	4.2000
847	849	851	421	2.6761	4.2000
849	851	853	422	2.6151	4.2000
851	853	855	423	2.8053	4.2000
853	855	857	424	2.4108	4.2000
855	857	859	425	2.6759	4.2000
857	859	861	426	2.6150	4.2000
859	861	863	427	2.8053	4.2000
861	863	865	428	2.4110	4.2000
863	865	867	429	2.6759	4.2000
865	867	869	430	2.6151	4.2000
867	869	871	431	2.8052	4.2000
869	871	873	432	2.4109	4.2000
871	873	875	433	2.6760	4.2000
873	875	877	434	2.6150	4.2000
875	877	879	435	2.8053	4.2000
877	879	881	436	2.4109	4.2000
879	881	883	437	2.6760	4.2000
881	883	885	438	2.6151	4.2000
883	885	887	439	2.8053	4.2000
885	887	889	440	2.4109	4.2000
887	889	891	441	2.6759	4.2000
889	891	893	442	2.6151	4.2000
891	893	895	443	2.8054	4.2000
893	895	897	444	2.4108	4.2000
895	897	899	445	2.6760	4.2000
897	899	901	446	2.6150	4.2000
899	901	903	447	2.8055	4.2000
901	903	905	448	2.4108	4.2000
903	905	907	449	2.6761	4.2000
905	907	909	450	2.6150	4.2000
907	909	911	451	2.8054	4.2000
909	911	913	452	2.4108	4.2000
911	913	915	453	2.6761	4.2000
913	915	917	454	2.6149	4.2000
915	917	919	455	2.8055	4.2000
917	919	921	456	2.4108	4.2000
919	921	923	457	2.6760	4.2000
921	923	925	458	2.6151	4.2000
923	925	927	459	2.8053	4.2000
925	927	929	460	2.4107	4.2000
927	929	931	461	2.6762	4.2000
929	931	933	462	2.6149	4.2000
931	933	935	463	2.8055	4.2000
933	935	937	464	2.4108	4.2000
935	937	939	465	2.6760	4.2000
937	939	941	466	2.6150	4.2000
939	941	943	467	2.8054	4.2000
941	943	945	468	2.4108	4.2000
943	945	947	469	2.6762	4.2000
945	947	949	470	2.6149	4.2000
947	949	951	471	2.8054	4.2000
949	951	953	472	2.4106	4.2000
951	953	955	473	2.6762	4.2000
953	955	957	474	2.6150	4.2000
955	957	959	475	2.8054	4.2000
957	959	961	476	2.4107	4.2000
959	961	963	477	2.6760	4.2000
961	963	965	478	2.6151	4.2000
963	965	967	479	2.8054	4.2000
965	967	969	480	2.4109	4.2000
967	969	971	481	2.6758	4.2000
969	971	973	482	2.6152	4.2000
971	973	975	483	2.8053	4.2000
973	975	977	484	2.4107	4.2000
975	977	979	485	2.6761	4.2000
977	979	981	486	2.6150	4.2000
979	981	983	487	2.8054	4.2000
981	983	985	488	2.4108	4.2000
983	985	987	489	2.6760	4.2000
985	987	989	490	2.6150	4.2000
987	989	991	491	2.8052	4.2000
989	991	993	492	2.4108	4.2000
991	993	995	493	2.6762	4.2000
993	995	997	494	2.6149	4.2000
995	997	999	495	2.8053	4.2000
997	999	1001	496	2.4109	4.2000
999	1001	1003	497	2.6760	4.2000
1001	1003	1005	498	2.6151	4.2000
1003	1005	1007	499	2.8053	4.2000
1005	1007	1009	500	2.4108	4.2000
1007	1009	1011	501	2.6760	4.2000
1009	1011	1013	502	2.6150	4.2000
1011	1013	1015	503	2.8054	4.2000
1013	1015	1017	504	2.4108	4.2000
1015	1017	1019	505	2.6760	4.2000
1017	1019	1021	506	2.6151	4.2000
1019	1021	1023	507	2.8053	4.2000
1021	1023	1025	508	2.4108	4.2000
1023	1025	1027	509	2.6759	4.2000
1025	1027	1029	510	2.6150	4.2000
1027	1029	1031	511	2.8053	4.2000
1029	1031	1033	512	2.4110	4.2000
1031	1033	1035	513	2.6758	4.2000
1033	1035	1037	514	2.6151	4.2000
1035	1037	1039	515	2.8052	4.2000
1037	1039	1041	516	2.4109	4.2000
1039	1041	1043	517	2.6760	4.2000
1041	1043	1045	518	2.6150	4.2000
1043	1045	1047	519	2.8053	4.2000
1045	1047	1049	520	2.4109	4.2000
1047	1049	1051	521	2.6759	4.2000
1049	1051	1053	522	2.6151	4.2000
1051	1053	1055	523	2.8053	4.2000
1053	1055	1057	524	2.4109	4.2000
1055	1057	1059	525	2.6759	4.2000
1057	1059	1061	526	2.6151	4.2000
1059	1061	1063	527	2.8054	4.2000
1061	1063	1065	528	2.4108	4.2000
1063	1065	1067	529	2.6760	4.2000
1065	1067	1069	530	2.6150	4.2000
1067	1069	1071	531	2.8055	4.2000
1069	1071	1073	532	2.4108	4.2000
1071	1073	1075	533	2.6760	4.2000
1073	1075	1077	534	2.6150	4.2000
1075	1077	1079	535	2.8054	4.2000
1077	1079	1081	536	2.4108	4.2000
1079	1081	1083	537	2.6760	4.2000
1081	1083	1085	538	2.6149	4.2000
1083	1085	1087	539	2.8055	4.2000
1085	1087	1089	540	2.4108	4.2000
1087	1089	1091	541	2.6759	4.2000
1089	1091	1093	542	2.6151	4.2000
1091	1093	1095	543	2.8053	4.2000
1093	1095	1097	544	2.4107	4.2000
1095	1097	1099	545	2.6762	4.2000
1097	1099	1101	546	2.6149	4.2000
1099	1101	1103	547	2.8055	4.2000
1101	1103	1105	548	2.4108	4.2000
1103	1105	1107	549	2.6760	4.2000
1105	1107	1109	550	2.6150	4.2000
1107	1109	1111	551	2.8054	4.2000
1109	1111	1113	552	2.4108	4.2000
1111	1113	1115	553	2.6762	4.2000
1113	1115	1117	554	2.6149	4.2000
1115	1117	1119	555	2.8054	4.2000
