i	j	b_idx	sig	lam	n
2	4	0	0.3908	0.1300	136
4	6	1	0.3908	0.1300	136
6	8	2	0.3908	0.1300	136
8	10	3	0.3908	0.1300	136
10	12	4	0.3908	0.1300	136
12	14	5	0.3908	0.1300	136
14	16	6	0.3908	0.1300	136
16	18	7	0.3908	0.1300	136
18	20	8	0.3908	0.1300	136
20	22	9	0.3909	0.1300	136
22	24	10	0.3908	0.1300	136
24	26	11	0.3908	0.1300	136
26	28	12	0.3908	0.1300	136
28	30	13	0.3908	0.1300	136
30	32	14	0.3908	0.1300	136
32	34	15	0.3908	0.1300	136
34	36	16	0.3908	0.1300	136
36	38	17	0.3908	0.1300	136
38	40	18	0.3908	0.1300	136
40	42	19	0.3908	0.1300	136
42	44	20	0.3909	0.1300	136
44	46	21	0.3908	0.1300	136
46	48	22	0.3908	0.1300	136
48	50	23	0.3908	0.1300	136
50	52	24	0.3908	0.1300	136
52	54	25	0.3908	0.1300	136
54	56	26	0.3908	0.1300	136
56	58	27	0.3908	0.1300	136
58	60	28	0.3908	0.1300	136
60	62	29	0.3908	0.1300	136
62	64	30	0.3909	0.1300	136
64	66	31	0.3908	0.1300	136
66	68	32	0.3908	0.1300	136
68	70	33	0.3908	0.1300	136
70	72	34	0.3908	0.1300	136
72	74	35	0.3908	0.1300	136
74	76	36	0.3908	0.1300	136
76	78	37	0.3908	0.1300	136
78	80	38	0.3908	0.1300	136
80	82	39	0.3908	0.1300	136
82	84	40	0.3908	0.1300	136
84	86	41	0.3909	0.1300	136
86	88	42	0.3908	0.1300	136
88	90	43	0.3908	0.1300	136
90	92	44	0.3908	0.1300	136
92	94	45	0.3908	0.1300	136
94	96	46	0.3908	0.1300	136
96	98	47	0.3908	0.1300	136
98	100	48	0.3908	0.1300	136
100	102	49	0.3908	0.1300	136
102	104	50	0.3908	0.1300	136
104	106	51	0.3909	0.1300	136
106	108	52	0.3908	0.1300	136
108	110	53	0.3908	0.1300	136
110	112	54	0.3908	0.1300	136
112	114	55	0.3908	0.1300	136
114	116	56	0.3908	0.1300	136
116	118	57	0.3908	0.1300	136
118	120	58	0.3908	0.1300	136
120	122	59	0.3908	0.1300	136
122	124	60	0.3908	0.1300	136
124	126	61	0.3908	0.1300	136
126	128	62	0.3909	0.1300	136
128	130	63	0.3908	0.1300	136
130	132	64	0.3908	0.1300	136
132	134	65	0.3908	0.1300	136
134	136	66	0.3908	0.1300	136
136	138	67	0.3908	0.1300	136
138	140	68	0.3908	0.1300	136
140	142	69	0.3908	0.1300	136
142	144	70	0.3908	0.1300	136
144	146	71	0.3908	0.1300	136
146	148	72	0.3909	0.1300	136
148	150	73	0.3908	0.1300	136
150	152	74	0.3908	0.1300	136
152	154	75	0.3908	0.1300	136
154	156	76	0.3908	0.1300	136
156	158	77	0.3908	0.1300	136
158	160	78	0.3908	0.1300	136
160	162	79	0.3908	0.1300	136
162	164	80	0.3908	0.1300	136
164	166	81	0.3908	0.1300	136
166	168	82	0.3908	0.1300	136
168	170	83	0.3909	0.1300	136
170	172	84	0.3908	0.1300	136
172	174	85	0.3908	0.1300	136
174	176	86	0.3908	0.1300	136
176	178	87	0.3908	0.1300	136
178	180	88	0.3908	0.1300	136
180	182	89	0.3908	0.1300	136
182	184	90	0.3908	0.1300	136
184	186	91	0.3908	0.1300	136
186	188	92	0.3908	0.1300	136
188	190	93	0.3909	0.1300	136
190	192	94	0.3908	0.1300	136
192	194	95	0.3908	0.1300	136
194	196	96	0.3908	0.1300	136
196	198	97	0.3908	0.1300	136
198	200	98	0.3908	0.1300	136
200	202	99	0.3908	0.1300	136
202	204	100	0.3908	0.1300	136
204	206	101	0.3908	0.1300	136
206	208	102	0.3908	0.1300	136
208	210	103	0.3908	0.1300	136
210	212	104	0.3909	0.1300	136
212	214	105	0.3908	0.1300	136
214	216	106	0.3908	0.1300	136
216	218	107	0.3908	0.1300	136
218	220	108	0.3908	0.1300	136
220	222	109	0.3908	0.1300	136
222	224	110	0.3908	0.1300	136
224	226	111	0.3908	0.1300	136
226	228	112	0.3908	0.1300	136
228	230	113	0.3908	0.1300	136
230	232	114	0.3909	0.1300	136
232	234	115	0.3908	0.1300	136
234	236	116	0.3908	0.1300	136
236	238	117	0.3908	0.1300	136
238	240	118	0.3908	0.1300	136
240	242	119	0.3908	0.1300	136
242	244	120	0.3908	0.1300	136
244	246	121	0.3908	0.1300	136
246	248	122	0.3908	0.1300	136
248	250	123	0.3908	0.1300	136
250	252	124	0.3908	0.1300	136
252	254	125	0.3909	0.1300	136
254	256	126	0.3908	0.1300	136
256	258	127	0.3908	0.1300	136
258	260	128	0.3908	0.1300	136
260	262	129	0.3908	0.1300	136
262	264	130	0.3908	0.1300	136
264	266	131	0.3908	0.1300	136
266	268	132	0.3908	0.1300	136
268	270	133	0.3908	0.1300	136
270	272	134	0.3908	0.1300	136
272	274	135	0.3909	0.1300	136
274	276	136	0.3908	0.1300	136
276	278	137	0.3908	0.1300	136
278	280	138	0.3908	0.1300	136
280	282	139	0.3908	0.1300	136
282	284	140	0.3908	0.1300	136
284	286	141	0.3908	0.1300	136
286	288	142	0.3908	0.1300	136
288	290	143	0.3908	0.1300	136
290	292	144	0.3908	0.1300	136
292	294	145	0.3908	0.1300	136
294	296	146	0.3909	0.1300	136
296	298	147	0.3908	0.1300	136
298	300	148	0.3908	0.1300	136
300	302	149	0.3908	0.1300	136
302	304	150	0.3908	0.1300	136
304	306	151	0.3908	0.1300	136
306	308	152	0.3908	0.1300	136
308	310	153	0.3908	0.1300	136
310	312	154	0.3908	0.1300	136
312	314	155	0.3908	0.1300	136
314	316	156	0.3909	0.1300	136
316	318	157	0.3908	0.1300	136
318	320	158	0.3908	0.1300	136
320	322	159	0.3908	0.1300	136
322	324	160	0.3908	0.1300	136
324	326	161	0.3908	0.1300	136
326	328	162	0.3908	0.1300	136
328	330	163	0.3908	0.1300	136
330	332	164	0.3908	0.1300	136
332	334	165	0.3908	0.1300	136
334	336	166	0.3908	0.1300	136
336	338	167	0.3909	0.1300	136
338	340	168	0.3908	0.1300	136
340	342	169	0.3908	0.1300	136
342	344	170	0.3908	0.1300	136
344	346	171	0.3908	0.1300	136
346	348	172	0.3908	0.1300	136
348	350	173	0.3908	0.1300	136
350	352	174	0.3908	0.1300	136
352	354	175	0.3908	0.1300	136
354	356	176	0.3908	0.1300	136
356	358	177	0.3909	0.1300	136
358	360	178	0.3908	0.1300	136
360	362	179	0.3908	0.1300	136
362	364	180	0.3908	0.1300	136
364	366	181	0.3908	0.1300	136
366	368	182	0.3908	0.1300	136
368	370	183	0.3908	0.1300	136
370	372	184	0.3908	0.1300	136
372	374	185	0.3908	0.1300	136
374	376	186	0.3908	0.1300	136
376	378	187	0.3908	0.1300	136
378	380	188	0.3909	0.1300	136
380	382	189	0.3908	0.1300	136
382	384	190	0.3908	0.1300	136
384	386	191	0.3908	0.1300	136
386	388	192	0.3908	0.1300	136
388	390	193	0.3908	0.1300	136
390	392	194	0.3908	0.1300	136
392	394	195	0.3908	0.1300	136
394	396	196	0.3908	0.1300	136
396	398	197	0.3908	0.1300	136
398	400	198	0.3909	0.1300	136
400	402	199	0.3908	0.1300	136
402	404	200	0.3908	0.1300	136
404	406	201	0.3908	0.1300	136
406	408	202	0.3908	0.1300	136
408	410	203	0.3908	0.1300	136
410	412	204	0.3908	0.1300	136
412	414	205	0.3908	0.1300	136
414	416	206	0.3908	0.1300	136
416	418	207	0.3908	0.1300	136
418	420	208	0.3908	0.1300	136
420	422	209	0.3909	0.1300	136
422	424	210	0.3908	0.1300	136
424	426	211	0.3908	0.1300	136
426	428	212	0.3908	0.1300	136
428	430	213	0.3908	0.1300	136
430	432	214	0.3908	0.1300	136
432	434	215	0.3908	0.1300	136
434	436	216	0.3908	0.1300	136
436	438	217	0.3908	0.1300	136
438	440	218	0.3908	0.1300	136
440	442	219	0.3909	0.1300	136
442	444	220	0.3908	0.1300	136
444	446	221	0.3908	0.1300	136
446	448	222	0.3908	0.1300	136
448	450	223	0.3908	0.1300	136
450	452	224	0.3908	0.1300	136
452	454	225	0.3908	0.1300	136
454	456	226	0.3908	0.1300	136
456	458	227	0.3908	0.1300	136
458	460	228	0.3908	0.1300	136
460	462	229	0.3908	0.1300	136
462	464	230	0.3909	0.1300	136
464	466	231	0.3908	0.1300	136
466	468	232	0.3908	0.1300	136
468	470	233	0.3908	0.1300	136
470	472	234	0.3908	0.1300	136
472	474	235	0.3908	0.1300	136
474	476	236	0.3908	0.1300	136
476	478	237	0.3908	0.1300	136
478	480	238	0.3908	0.1300	136
480	482	239	0.3908	0.1300	136
482	484	240	0.3909	0.1300	136
484	486	241	0.3908	0.1300	136
486	488	242	0.3908	0.1300	136
488	490	243	0.3908	0.1300	136
490	492	244	0.3908	0.1300	136
492	494	245	0.3908	0.1300	136
494	496	246	0.3908	0.1300	136
496	498	247	0.3908	0.1300	136
498	500	248	0.3908	0.1300	136
500	502	249	0.3908	0.1300	136
502	504	250	0.3908	0.1300	136
504	506	251	0.3909	0.1300	136
506	508	252	0.3908	0.1300	136
508	510	253	0.3908	0.1300	136
510	512	254	0.3908	0.1300	136
512	514	255	0.3908	0.1300	136
514	516	256	0.3908	0.1300	136
516	518	257	0.3908	0.1300	136
518	520	258	0.3908	0.1300	136
520	522	259	0.3908	0.1300	136
522	524	260	0.3908	0.1300	136
524	526	261	0.3909	0.1300	136
526	528	262	0.3908	0.1300	136
528	530	263	0.3908	0.1300	136
530	532	264	0.3908	0.1300	136
532	534	265	0.3908	0.1300	136
534	536	266	0.3908	0.1300	136
536	538	267	0.3908	0.1300	136
538	540	268	0.3908	0.1300	136
540	542	269	0.3908	0.1300	136
542	544	270	0.3908	0.1300	136
544	546	271	0.3908	0.1300	136
546	548	272	0.3909	0.1300	136
548	550	273	0.3908	0.1300	136
550	552	274	0.3908	0.1300	136
552	554	275	0.3908	0.1300	136
554	556	276	0.3908	0.1300	136
556	558	277	0.3908	0.1300	136
558	560	278	0.4595	0.1300	136
562	564	279	0.4594	0.1300	136
564	566	280	0.3908	0.1300	136
566	568	281	0.3908	0.1300	136
568	570	282	0.3908	0.1300	136
570	572	283	0.3908	0.1300	136
572	574	284	0.3909	0.1300	136
574	576	285	0.3908	0.1300	136
576	578	286	0.3908	0.1300	136
578	580	287	0.3908	0.1300	136
580	582	288	0.3908	0.1300	136
582	584	289	0.3908	0.1300	136
584	586	290	0.3908	0.1300	136
586	588	291	0.3908	0.1300	136
588	590	292	0.3908	0.1300	136
590	592	293	0.3908	0.1300	136
592	594	294	0.3909	0.1300	136
594	596	295	0.3908	0.1300	136
596	598	296	0.3908	0.1300	136
598	600	297	0.3908	0.1300	136
600	602	298	0.3908	0.1300	136
602	604	299	0.3908	0.1300	136
604	606	300	0.3908	0.1300	136
606	608	301	0.3908	0.1300	136
608	610	302	0.3908	0.1300	136
610	612	303	0.3908	0.1300	136
612	614	304	0.3908	0.1300	136
614	616	305	0.3909	0.1300	136
616	618	306	0.3908	0.1300	136
618	620	307	0.3908	0.1300	136
620	622	308	0.3908	0.1300	136
622	624	309	0.3908	0.1300	136
624	626	310	0.3908	0.1300	136
626	628	311	0.3908	0.1300	136
628	630	312	0.3908	0.1300	136
630	632	313	0.3908	0.1300	136
632	634	314	0.3908	0.1300	136
634	636	315	0.3909	0.1300	136
636	638	316	0.3908	0.1300	136
638	640	317	0.3908	0.1300	136
640	642	318	0.3908	0.1300	136
642	644	319	0.3908	0.1300	136
644	646	320	0.3908	0.1300	136
646	648	321	0.3908	0.1300	136
648	650	322	0.3908	0.1300	136
650	652	323	0.3908	0.1300	136
652	654	324	0.3908	0.1300	136
654	656	325	0.3908	0.1300	136
656	658	326	0.3909	0.1300	136
658	660	327	0.3908	0.1300	136
660	662	328	0.3908	0.1300	136
662	664	329	0.3908	0.1300	136
664	666	330	0.3908	0.1300	136
666	668	331	0.3908	0.1300	136
668	670	332	0.3908	0.1300	136
670	672	333	0.3908	0.1300	136
672	674	334	0.3908	0.1300	136
674	676	335	0.3908	0.1300	136
676	678	336	0.3909	0.1300	136
678	680	337	0.3908	0.1300	136
680	682	338	0.3908	0.1300	136
682	684	339	0.3908	0.1300	136
684	686	340	0.3908	0.1300	136
686	688	341	0.3908	0.1300	136
688	690	342	0.3908	0.1300	136
690	692	343	0.3908	0.1300	136
692	694	344	0.3908	0.1300	136
694	696	345	0.3908	0.1300	136
696	698	346	0.3908	0.1300	136
698	700	347	0.3909	0.1300	136
700	702	348	0.3908	0.1300	136
702	704	349	0.3908	0.1300	136
704	706	350	0.3908	0.1300	136
706	708	351	0.3908	0.1300	136
708	710	352	0.3908	0.1300	136
710	712	353	0.3908	0.1300	136
712	714	354	0.3908	0.1300	136
714	716	355	0.3908	0.1300	136
716	718	356	0.3908	0.1300	136
718	720	357	0.3909	0.1300	136
720	722	358	0.3908	0.1300	136
722	724	359	0.3908	0.1300	136
724	726	360	0.3908	0.1300	136
726	728	361	0.3908	0.1300	136
728	730	362	0.3908	0.1300	136
730	732	363	0.3908	0.1300	136
732	734	364	0.3908	0.1300	136
734	736	365	0.3908	0.1300	136
736	738	366	0.3908	0.1300	136
738	740	367	0.3908	0.1300	136
740	742	368	0.3909	0.1300	136
742	744	369	0.3908	0.1300	136
744	746	370	0.3908	0.1300	136
746	748	371	0.3908	0.1300	136
748	750	372	0.3908	0.1300	136
750	752	373	0.3908	0.1300	136
752	754	374	0.3908	0.1300	136
754	756	375	0.3908	0.1300	136
756	758	376	0.3908	0.1300	136
758	760	377	0.3908	0.1300	136
760	762	378	0.3909	0.1300	136
762	764	379	0.3908	0.1300	136
764	766	380	0.3909	0.1300	136
766	768	381	0.3908	0.1300	136
768	770	382	0.3908	0.1300	136
770	772	383	0.3908	0.1300	136
772	774	384	0.3908	0.1300	136
774	776	385	0.3908	0.1300	136
776	778	386	0.3908	0.1300	136
778	780	387	0.3908	0.1300	136
780	782	388	0.3908	0.1300	136
782	784	389	0.3909	0.1300	136
784	786	390	0.3908	0.1300	136
786	788	391	0.3908	0.1300	136
788	790	392	0.3908	0.1300	136
790	792	393	0.3908	0.1300	136
792	794	394	0.3908	0.1300	136
794	796	395	0.3908	0.1300	136
796	798	396	0.3908	0.1300	136
798	800	397	0.3908	0.1300	136
800	802	398	0.3908	0.1300	136
802	804	399	0.3909	0.1300	136
804	806	400	0.3908	0.1300	136
806	808	401	0.3908	0.1300	136
808	810	402	0.3908	0.1300	136
810	812	403	0.3908	0.1300	136
812	814	404	0.3908	0.1300	136
814	816	405	0.3908	0.1300	136
816	818	406	0.3908	0.1300	136
818	820	407	0.3908	0.1300	136
820	822	408	0.3908	0.1300	136
822	824	409	0.3908	0.1300	136
824	826	410	0.3909	0.1300	136
826	828	411	0.3908	0.1300	136
828	830	412	0.3908	0.1300	136
830	832	413	0.3908	0.1300	136
832	834	414	0.3908	0.1300	136
834	836	415	0.3908	0.1300	136
836	838	416	0.3908	0.1300	136
838	840	417	0.3908	0.1300	136
840	842	418	0.3908	0.1300	136
842	844	419	0.3908	0.1300	136
844	846	420	0.3909	0.1300	136
846	848	421	0.3908	0.1300	136
848	850	422	0.3908	0.1300	136
850	852	423	0.3908	0.1300	136
852	854	424	0.3908	0.1300	136
854	856	425	0.3908	0.1300	136
856	858	426	0.3908	0.1300	136
858	860	427	0.3908	0.1300	136
860	862	428	0.3908	0.1300	136
862	864	429	0.3908	0.1300	136
864	866	430	0.3908	0.1300	136
866	868	431	0.3909	0.1300	136
868	870	432	0.3908	0.1300	136
870	872	433	0.3908	0.1300	136
872	874	434	0.3908	0.1300	136
874	876	435	0.3908	0.1300	136
876	878	436	0.3908	0.1300	136
878	880	437	0.3908	0.1300	136
880	882	438	0.3908	0.1300	136
882	884	439	0.3908	0.1300	136
884	886	440	0.3908	0.1300	136
886	888	441	0.3909	0.1300	136
888	890	442	0.3908	0.1300	136
890	892	443	0.3908	0.1300	136
892	894	444	0.3908	0.1300	136
894	896	445	0.3908	0.1300	136
896	898	446	0.3908	0.1300	136
898	900	447	0.3908	0.1300	136
900	902	448	0.3908	0.1300	136
902	904	449	0.3908	0.1300	136
904	906	450	0.3908	0.1300	136
906	908	451	0.3908	0.1300	136
908	910	452	0.3909	0.1300	136
910	912	453	0.3908	0.1300	136
912	914	454	0.3908	0.1300	136
914	916	455	0.3908	0.1300	136
916	918	456	0.3908	0.1300	136
918	920	457	0.3908	0.1300	136
920	922	458	0.3908	0.1300	136
922	924	459	0.3908	0.1300	136
924	926	460	0.3908	0.1300	136
926	928	461	0.3908	0.1300	136
928	930	462	0.3909	0.1300	136
930	932	463	0.3908	0.1300	136
932	934	464	0.3908	0.1300	136
934	936	465	0.3908	0.1300	136
936	938	466	0.3908	0.1300	136
938	940	467	0.3908	0.1300	136
940	942	468	0.3908	0.1300	136
942	944	469	0.3908	0.1300	136
944	946	470	0.3908	0.1300	136
946	948	471	0.3908	0.1300	136
948	950	472	0.3908	0.1300	136
950	952	473	0.3909	0.1300	136
952	954	474	0.3908	0.1300	136
954	956	475	0.3908	0.1300	136
956	958	476	0.3908	0.1300	136
958	960	477	0.3908	0.1300	136
960	962	478	0.3908	0.1300	136
962	964	479	0.3908	0.1300	136
964	966	480	0.3908	0.1300	136
966	968	481	0.3908	0.1300	136
968	970	482	0.3908	0.1300	136
970	972	483	0.3909	0.1300	136
972	974	484	0.3908	0.1300	136
974	976	485	0.3908	0.1300	136
976	978	486	0.3908	0.1300	136
978	980	487	0.3908	0.1300	136
980	982	488	0.3908	0.1300	136
982	984	489	0.3908	0.1300	136
984	986	490	0.3908	0.1300	136
986	988	491	0.3908	0.1300	136
988	990	492	0.3908	0.1300	136
990	992	493	0.3908	0.1300	136
992	994	494	0.3909	0.1300	136
994	996	495	0.3908	0.1300	136
996	998	496	0.3908	0.1300	136
998	1000	497	0.3908	0.1300	136
1000	1002	498	0.3908	0.1300	136
1002	1004	499	0.3908	0.1300	136
1004	1006	500	0.3908	0.1300	136
1006	1008	501	0.3908	0.1300	136
1008	1010	502	0.3908	0.1300	136
1010	1012	503	0.3908	0.1300	136
1012	1014	504	0.3909	0.1300	136
1014	1016	505	0.3908	0.1300	136
1016	1018	506	0.3908	0.1300	136
1018	1020	507	0.3908	0.1300	136
1020	1022	508	0.3908	0.1300	136
1022	1024	509	0.3908	0.1300	136
1024	1026	510	0.3908	0.1300	136
1026	1028	511	0.3908	0.1300	136
1028	1030	512	0.3908	0.1300	136
1030	1032	513	0.3908	0.1300	136
1032	1034	514	0.3908	0.1300	136
1034	1036	515	0.3909	0.1300	136
1036	1038	516	0.3908	0.1300	136
1038	1040	517	0.3908	0.1300	136
1040	1042	518	0.3908	0.1300	136
1042	1044	519	0.3908	0.1300	136
1044	1046	520	0.3908	0.1300	136
1046	1048	521	0.3908	0.1300	136
1048	1050	522	0.3908	0.1300	136
1050	1052	523	0.3908	0.1300	136
1052	1054	524	0.3908	0.1300	136
1054	1056	525	0.3909	0.1300	136
1056	1058	526	0.3908	0.1300	136
1058	1060	527	0.3908	0.1300	136
1060	1062	528	0.3908	0.1300	136
1062	1064	529	0.3908	0.1300	136
1064	1066	530	0.3908	0.1300	136
1066	1068	531	0.3908	0.1300	136
1068	1070	532	0.3908	0.1300	136
1070	1072	533	0.3908	0.1300	136
1072	1074	534	0.3908	0.1300	136
1074	1076	535	0.3908	0.1300	136
1076	1078	536	0.3909	0.1300	136
1078	1080	537	0.3908	0.1300	136
1080	1082	538	0.3908	0.1300	136
1082	1084	539	0.3908	0.1300	136
1084	1086	540	0.3908	0.1300	136
1086	1088	541	0.3908	0.1300	136
1088	1090	542	0.3908	0.1300	136
1090	1092	543	0.3908	0.1300	136
1092	1094	544	0.3908	0.1300	136
1094	1096	545	0.3908	0.1300	136
1096	1098	546	0.3909	0.1300	136
1098	1100	547	0.3908	0.1300	136
1100	1102	548	0.3909	0.1300	136
1102	1104	549	0.3908	0.1300	136
1104	1106	550	0.3908	0.1300	136
1106	1108	551	0.3908	0.1300	136
1108	1110	552	0.3908	0.1300	136
1110	1112	553	0.3908	0.1300	136
1112	1114	554	0.3908	0.1300	136
1114	1116	555	0.3908	0.1300	136
1116	1118	556	0.3908	0.1300	136
1118	1120	557	0.3909	0.1300	136
