i	j	b_idx	d[nm]	k[kJ/mol/nm^2]
1	2	0	0.5129	2200.0000
1	3	1	0.6545	1400.0000
3	4	2	0.5588	2200.0000
3	5	3	0.7588	1400.0000
5	6	4	0.5891	2200.0000
5	7	5	0.5719	1400.0000
7	8	6	0.5003	2200.0000
7	9	7	0.6612	1400.0000
9	10	8	0.5129	2200.0000
9	11	9	0.6545	1400.0000
11	12	10	0.5589	2200.0000
11	13	11	0.7589	1400.0000
13	14	12	0.5891	2200.0000
13	15	13	0.5719	1400.0000
15	16	14	0.5002	2200.0000
15	17	15	0.6611	1400.0000
17	18	16	0.5129	2200.0000
17	19	17	0.6545	1400.0000
19	20	18	0.5589	2200.0000
19	21	19	0.7589	1400.0000
21	22	20	0.5892	2200.0000
21	23	21	0.5719	1400.0000
23	24	22	0.5002	2200.0000
23	25	23	0.6612	1400.0000
25	26	24	0.5128	2200.0000
25	27	25	0.6544	1400.0000
27	28	26	0.5588	2200.0000
27	29	27	0.7588	1400.0000
29	30	28	0.5892	2200.0000
29	31	29	0.5720	1400.0000
31	32	30	0.5002	2200.0000
31	33	31	0.6612	1400.0000
33	34	32	0.5129	2200.0000
33	35	33	0.6544	1400.0000
35	36	34	0.5589	2200.0000
35	37	35	0.7589	1400.0000
37	38	36	0.5892	2200.0000
37	39	37	0.5720	1400.0000
39	40	38	0.5002	2200.0000
39	41	39	0.6612	1400.0000
41	42	40	0.5128	2200.0000
41	43	41	0.6544	1400.0000
43	44	42	0.5589	2200.0000
43	45	43	0.7589	1400.0000
45	46	44	0.5892	2200.0000
45	47	45	0.5719	1400.0000
47	48	46	0.5003	2200.0000
47	49	47	0.6611	1400.0000
49	50	48	0.5129	2200.0000
49	51	49	0.6544	1400.0000
51	52	50	0.5588	2200.0000
51	53	51	0.7589	1400.0000
53	54	52	0.5891	2200.0000
53	55	53	0.5719	1400.0000
55	56	54	0.5002	2200.0000
55	57	55	0.6611	1400.0000
57	58	56	0.5129	2200.0000
57	59	57	0.6545	1400.0000
59	60	58	0.5589	2200.0000
59	61	59	0.7589	1400.0000
61	62	60	0.5892	2200.0000
61	63	61	0.5719	1400.0000
63	64	62	0.5003	2200.0000
63	65	63	0.6612	1400.0000
65	66	64	0.5129	2200.0000
65	67	65	0.6544	1400.0000
67	68	66	0.5588	2200.0000
67	69	67	0.7589	1400.0000
69	70	68	0.5891	2200.0000
69	71	69	0.5719	1400.0000
71	72	70	0.5002	2200.0000
71	73	71	0.6612	1400.0000
73	74	72	0.5129	2200.0000
73	75	73	0.6544	1400.0000
75	76	74	0.5589	2200.0000
75	77	75	0.7589	1400.0000
77	78	76	0.5891	2200.0000
77	79	77	0.5720	1400.0000
79	80	78	0.5002	2200.0000
79	81	79	0.6611	1400.0000
81	82	80	0.5129	2200.0000
81	83	81	0.6545	1400.0000
83	84	82	0.5589	2200.0000
83	85	83	0.7589	1400.0000
85	86	84	0.5892	2200.0000
85	87	85	0.5719	1400.0000
87	88	86	0.5003	2200.0000
87	89	87	0.6612	1400.0000
89	90	88	0.5129	2200.0000
89	91	89	0.6544	1400.0000
91	92	90	0.5589	2200.0000
91	93	91	0.7589	1400.0000
93	94	92	0.5892	2200.0000
93	95	93	0.5720	1400.0000
95	96	94	0.5001	2200.0000
95	97	95	0.6611	1400.0000
97	98	96	0.5128	2200.0000
97	99	97	0.6544	1400.0000
99	100	98	0.5589	2200.0000
99	101	99	0.7589	1400.0000
101	102	100	0.5892	2200.0000
101	103	101	0.5719	1400.0000
103	104	102	0.5002	2200.0000
103	105	103	0.6612	1400.0000
105	106	104	0.5129	2200.0000
105	107	105	0.6544	1400.0000
107	108	106	0.5589	2200.0000
107	109	107	0.7589	1400.0000
109	110	108	0.5891	2200.0000
109	111	109	0.5719	1400.0000
111	112	110	0.5002	2200.0000
111	113	111	0.6611	1400.0000
113	114	112	0.5128	2200.0000
113	115	113	0.6545	1400.0000
115	116	114	0.5589	2200.0000
115	117	115	0.7588	1400.0000
117	118	116	0.5892	2200.0000
117	119	117	0.5720	1400.0000
119	120	118	0.5002	2200.0000
119	121	119	0.6611	1400.0000
121	122	120	0.5129	2200.0000
121	123	121	0.6544	1400.0000
123	124	122	0.5589	2200.0000
123	125	123	0.7589	1400.0000
125	126	124	0.5891	2200.0000
125	127	125	0.5720	1400.0000
127	128	126	0.5002	2200.0000
127	129	127	0.6611	1400.0000
129	130	128	0.5129	2200.0000
129	131	129	0.6545	1400.0000
131	132	130	0.5589	2200.0000
131	133	131	0.7589	1400.0000
133	134	132	0.5892	2200.0000
133	135	133	0.5719	1400.0000
135	136	134	0.5002	2200.0000
135	137	135	0.6611	1400.0000
137	138	136	0.5128	2200.0000
137	139	137	0.6545	1400.0000
139	140	138	0.5589	2200.0000
139	141	139	0.7589	1400.0000
141	142	140	0.5891	2200.0000
141	143	141	0.5720	1400.0000
143	144	142	0.5002	2200.0000
143	145	143	0.6612	1400.0000
145	146	144	0.5129	2200.0000
145	147	145	0.6544	1400.0000
147	148	146	0.5589	2200.0000
147	149	147	0.7589	1400.0000
149	150	148	0.5892	2200.0000
149	151	149	0.5720	1400.0000
151	152	150	0.5001	2200.0000
151	153	151	0.6611	1400.0000
153	154	152	0.5129	2200.0000
153	155	153	0.6544	1400.0000
155	156	154	0.5588	2200.0000
155	157	155	0.7589	1400.0000
157	158	156	0.5892	2200.0000
157	159	157	0.5720	1400.0000
159	160	158	0.5002	2200.0000
159	161	159	0.6611	1400.0000
161	162	160	0.5129	2200.0000
161	163	161	0.6544	1400.0000
163	164	162	0.5589	2200.0000
163	165	163	0.7589	1400.0000
165	166	164	0.5891	2200.0000
165	167	165	0.5719	1400.0000
167	168	166	0.5002	2200.0000
167	169	167	0.6612	1400.0000
169	170	168	0.5129	2200.0000
169	171	169	0.6545	1400.0000
171	172	170	0.5588	2200.0000
171	173	171	0.7588	1400.0000
173	174	172	0.5891	2200.0000
173	175	173	0.5719	1400.0000
175	176	174	0.5003	2200.0000
175	177	175	0.6612	1400.0000
177	178	176	0.5129	2200.0000
177	179	177	0.6545	1400.0000
179	180	178	0.5589	2200.0000
179	181	179	0.7589	1400.0000
181	182	180	0.5891	2200.0000
181	183	181	0.5719	1400.0000
183	184	182	0.5002	2200.0000
183	185	183	0.6611	1400.0000
185	186	184	0.5129	2200.0000
185	187	185	0.6545	1400.0000
187	188	186	0.5589	2200.0000
187	189	187	0.7589	1400.0000
189	190	188	0.5892	2200.0000
189	191	189	0.5719	1400.0000
191	192	190	0.5002	2200.0000
191	193	191	0.6612	1400.0000
193	194	192	0.5128	2200.0000
193	195	193	0.6543	1400.0000
195	196	194	0.5588	2200.0000
195	197	195	0.7589	1400.0000
197	198	196	0.5892	2200.0000
197	199	197	0.5720	1400.0000
199	200	198	0.5002	2200.0000
199	201	199	0.6612	1400.0000
201	202	200	0.5129	2200.0000
201	203	201	0.6543	1400.0000
203	204	202	0.5589	2200.0000
203	205	203	0.7590	1400.0000
205	206	204	0.5892	2200.0000
205	207	205	0.5720	1400.0000
207	208	206	0.5002	2200.0000
207	209	207	0.6612	1400.0000
209	210	208	0.5128	2200.0000
209	211	209	0.6544	1400.0000
211	212	210	0.5589	2200.0000
211	213	211	0.7589	1400.0000
213	214	212	0.5892	2200.0000
213	215	213	0.5719	1400.0000
215	216	214	0.5003	2200.0000
215	217	215	0.6611	1400.0000
217	218	216	0.5129	2200.0000
217	219	217	0.6544	1400.0000
219	220	218	0.5588	2200.0000
219	221	219	0.7589	1400.0000
221	222	220	0.5891	2200.0000
221	223	221	0.5719	1400.0000
223	224	222	0.5002	2200.0000
223	225	223	0.6611	1400.0000
225	226	224	0.5129	2200.0000
225	227	225	0.6545	1400.0000
227	228	226	0.5589	2200.0000
227	229	227	0.7589	1400.0000
229	230	228	0.5892	2200.0000
229	231	229	0.5719	1400.0000
231	232	230	0.5003	2200.0000
231	233	231	0.6612	1400.0000
233	234	232	0.5129	2200.0000
233	235	233	0.6544	1400.0000
235	236	234	0.5589	2200.0000
235	237	235	0.7590	1400.0000
237	238	236	0.5891	2200.0000
237	239	237	0.5719	1400.0000
239	240	238	0.5002	2200.0000
239	241	239	0.6612	1400.0000
241	242	240	0.5129	2200.0000
241	243	241	0.6544	1400.0000
243	244	242	0.5589	2200.0000
243	245	243	0.7590	1400.0000
245	246	244	0.5891	2200.0000
245	247	245	0.5720	1400.0000
247	248	246	0.5002	2200.0000
247	249	247	0.6611	1400.0000
249	250	248	0.5129	2200.0000
249	251	249	0.6545	1400.0000
251	252	250	0.5589	2200.0000
251	253	251	0.7589	1400.0000
253	254	252	0.5892	2200.0000
253	255	253	0.5719	1400.0000
255	256	254	0.5003	2200.0000
255	257	255	0.6612	1400.0000
257	258	256	0.5129	2200.0000
257	259	257	0.6544	1400.0000
259	260	258	0.5589	2200.0000
259	261	259	0.7589	1400.0000
261	262	260	0.5892	2200.0000
261	263	261	0.5720	1400.0000
263	264	262	0.5001	2200.0000
263	265	263	0.6611	1400.0000
265	266	264	0.5128	2200.0000
265	267	265	0.6544	1400.0000
267	268	266	0.5589	2200.0000
267	269	267	0.7589	1400.0000
269	270	268	0.5892	2200.0000
269	271	269	0.5719	1400.0000
271	272	270	0.5002	2200.0000
271	273	271	0.6612	1400.0000
273	274	272	0.5129	2200.0000
273	275	273	0.6544	1400.0000
275	276	274	0.5589	2200.0000
275	277	275	0.7589	1400.0000
277	278	276	0.5891	2200.0000
277	279	277	0.5719	1400.0000
279	280	278	0.5002	2200.0000
279	281	279	0.6611	1400.0000
281	282	280	0.5128	2200.0000
281	283	281	0.6544	1400.0000
283	284	282	0.5589	2200.0000
283	285	283	0.7589	1400.0000
285	286	284	0.5892	2200.0000
285	287	285	0.5720	1400.0000
287	288	286	0.5002	2200.0000
287	289	287	0.6611	1400.0000
289	290	288	0.5129	2200.0000
289	291	289	0.6545	1400.0000
291	292	290	0.5589	2200.0000
291	293	291	0.7589	1400.0000
293	294	292	0.5891	2200.0000
293	295	293	0.5720	1400.0000
295	296	294	0.5002	2200.0000
295	297	295	0.6611	1400.0000
297	298	296	0.5129	2200.0000
297	299	297	0.6545	1400.0000
299	300	298	0.5589	2200.0000
299	301	299	0.7589	1400.0000
301	302	300	0.5892	2200.0000
301	303	301	0.5719	1400.0000
303	304	302	0.5002	2200.0000
303	305	303	0.6611	1400.0000
305	306	304	0.5128	2200.0000
305	307	305	0.6544	1400.0000
307	308	306	0.5589	2200.0000
307	309	307	0.7589	1400.0000
309	310	308	0.5891	2200.0000
309	311	309	0.5720	1400.0000
311	312	310	0.5002	2200.0000
311	313	311	0.6611	1400.0000
313	314	312	0.5129	2200.0000
313	315	313	0.6544	1400.0000
315	316	314	0.5589	2200.0000
315	317	315	0.7589	1400.0000
317	318	316	0.5892	2200.0000
317	319	317	0.5720	1400.0000
319	320	318	0.5001	2200.0000
319	321	319	0.6611	1400.0000
321	322	320	0.5129	2200.0000
321	323	321	0.6544	1400.0000
323	324	322	0.5589	2200.0000
323	325	323	0.7589	1400.0000
325	326	324	0.5892	2200.0000
325	327	325	0.5720	1400.0000
327	328	326	0.5002	2200.0000
327	329	327	0.6611	1400.0000
329	330	328	0.5129	2200.0000
329	331	329	0.6544	1400.0000
331	332	330	0.5589	2200.0000
331	333	331	0.7589	1400.0000
333	334	332	0.5891	2200.0000
333	335	333	0.5719	1400.0000
335	336	334	0.5002	2200.0000
335	337	335	0.6612	1400.0000
337	338	336	0.5129	2200.0000
337	339	337	0.6545	1400.0000
339	340	338	0.5588	2200.0000
339	341	339	0.7588	1400.0000
341	342	340	0.5891	2200.0000
341	343	341	0.5719	1400.0000
343	344	342	0.5003	2200.0000
343	345	343	0.6612	1400.0000
345	346	344	0.5129	2200.0000
345	347	345	0.6544	1400.0000
347	348	346	0.5589	2200.0000
347	349	347	0.7589	1400.0000
349	350	348	0.5891	2200.0000
349	351	349	0.5719	1400.0000
351	352	350	0.5002	2200.0000
351	353	351	0.6611	1400.0000
353	354	352	0.5129	2200.0000
353	355	353	0.6545	1400.0000
355	356	354	0.5589	2200.0000
355	357	355	0.7589	1400.0000
357	358	356	0.5892	2200.0000
357	359	357	0.5719	1400.0000
359	360	358	0.5002	2200.0000
359	361	359	0.6612	1400.0000
361	362	360	0.5128	2200.0000
361	363	361	0.6543	1400.0000
363	364	362	0.5588	2200.0000
363	365	363	0.7589	1400.0000
365	366	364	0.5892	2200.0000
365	367	365	0.5720	1400.0000
367	368	366	0.5002	2200.0000
367	369	367	0.6612	1400.0000
369	370	368	0.5129	2200.0000
369	371	369	0.6544	1400.0000
371	372	370	0.5589	2200.0000
371	373	371	0.7589	1400.0000
373	374	372	0.5892	2200.0000
373	375	373	0.5720	1400.0000
375	376	374	0.5002	2200.0000
375	377	375	0.6612	1400.0000
377	378	376	0.5128	2200.0000
377	379	377	0.6544	1400.0000
379	380	378	0.5589	2200.0000
379	381	379	0.7589	1400.0000
381	382	380	0.5892	2200.0000
381	383	381	0.5719	1400.0000
383	384	382	0.5003	2200.0000
383	385	383	0.6611	1400.0000
385	386	384	0.5129	2200.0000
385	387	385	0.6544	1400.0000
387	388	386	0.5588	2200.0000
387	389	387	0.7589	1400.0000
389	390	388	0.5891	2200.0000
389	391	389	0.5719	1400.0000
391	392	390	0.5002	2200.0000
391	393	391	0.6611	1400.0000
393	394	392	0.5129	2200.0000
393	395	393	0.6545	1400.0000
395	396	394	0.5589	2200.0000
395	397	395	0.7589	1400.0000
397	398	396	0.5892	2200.0000
397	399	397	0.5719	1400.0000
399	400	398	0.5003	2200.0000
399	401	399	0.6612	1400.0000
401	402	400	0.5129	2200.0000
401	403	401	0.6544	1400.0000
403	404	402	0.5588	2200.0000
403	405	403	0.7589	1400.0000
405	406	404	0.5891	2200.0000
405	407	405	0.5719	1400.0000
407	408	406	0.5002	2200.0000
407	409	407	0.6612	1400.0000
409	410	408	0.5129	2200.0000
409	411	409	0.6544	1400.0000
411	412	410	0.5589	2200.0000
411	413	411	0.7590	1400.0000
413	414	412	0.5891	2200.0000
413	415	413	0.5720	1400.0000
415	416	414	0.5002	2200.0000
415	417	415	0.6611	1400.0000
417	418	416	0.5129	2200.0000
417	419	417	0.6544	1400.0000
419	420	418	0.5589	2200.0000
419	421	419	0.7590	1400.0000
421	422	420	0.5892	2200.0000
421	423	421	0.5719	1400.0000
423	424	422	0.5003	2200.0000
423	425	423	0.6612	1400.0000
425	426	424	0.5129	2200.0000
425	427	425	0.6544	1400.0000
427	428	426	0.5589	2200.0000
427	429	427	0.7589	1400.0000
429	430	428	0.5892	2200.0000
429	431	429	0.5720	1400.0000
431	432	430	0.5001	2200.0000
431	433	431	0.6611	1400.0000
433	434	432	0.5128	2200.0000
433	435	433	0.6544	1400.0000
435	436	434	0.5589	2200.0000
435	437	435	0.7589	1400.0000
437	438	436	0.5892	2200.0000
437	439	437	0.5719	1400.0000
439	440	438	0.5002	2200.0000
439	441	439	0.6612	1400.0000
441	442	440	0.5129	2200.0000
441	443	441	0.6543	1400.0000
443	444	442	0.5589	2200.0000
443	445	443	0.7590	1400.0000
445	446	444	0.5891	2200.0000
445	447	445	0.5719	1400.0000
447	448	446	0.5002	2200.0000
447	449	447	0.6611	1400.0000
449	450	448	0.5128	2200.0000
449	451	449	0.6544	1400.0000
451	452	450	0.5589	2200.0000
451	453	451	0.7589	1400.0000
453	454	452	0.5892	2200.0000
453	455	453	0.5720	1400.0000
455	456	454	0.5002	2200.0000
455	457	455	0.6611	1400.0000
457	458	456	0.5129	2200.0000
457	459	457	0.6545	1400.0000
459	460	458	0.5589	2200.0000
459	461	459	0.7589	1400.0000
461	462	460	0.5891	2200.0000
461	463	461	0.5720	1400.0000
463	464	462	0.5002	2200.0000
463	465	463	0.6611	1400.0000
465	466	464	0.5129	2200.0000
465	467	465	0.6545	1400.0000
467	468	466	0.5589	2200.0000
467	469	467	0.7589	1400.0000
469	470	468	0.5892	2200.0000
469	471	469	0.5719	1400.0000
471	472	470	0.5002	2200.0000
471	473	471	0.6611	1400.0000
473	474	472	0.5128	2200.0000
473	475	473	0.6545	1400.0000
475	476	474	0.5589	2200.0000
475	477	475	0.7589	1400.0000
477	478	476	0.5891	2200.0000
477	479	477	0.5720	1400.0000
479	480	478	0.5002	2200.0000
479	481	479	0.6612	1400.0000
481	482	480	0.5129	2200.0000
481	483	481	0.6543	1400.0000
483	484	482	0.5589	2200.0000
483	485	483	0.7589	1400.0000
485	486	484	0.5892	2200.0000
485	487	485	0.5720	1400.0000
487	488	486	0.5001	2200.0000
487	489	487	0.6611	1400.0000
489	490	488	0.5129	2200.0000
489	491	489	0.6544	1400.0000
491	492	490	0.5588	2200.0000
491	493	491	0.7589	1400.0000
493	494	492	0.5892	2200.0000
493	495	493	0.5720	1400.0000
495	496	494	0.5002	2200.0000
495	497	495	0.6612	1400.0000
497	498	496	0.5129	2200.0000
497	499	497	0.6544	1400.0000
499	500	498	0.5588	2200.0000
499	501	499	0.7588	1400.0000
501	502	500	0.5891	2200.0000
501	503	501	0.5719	1400.0000
503	504	502	0.5002	2200.0000
503	505	503	0.6612	1400.0000
505	506	504	0.5129	2200.0000
505	507	505	0.6544	1400.0000
507	508	506	0.5589	2200.0000
507	509	507	0.7589	1400.0000
509	510	508	0.5891	2200.0000
509	511	509	0.5719	1400.0000
511	512	510	0.5003	2200.0000
511	513	511	0.6612	1400.0000
513	514	512	0.5129	2200.0000
513	515	513	0.6544	1400.0000
515	516	514	0.5589	2200.0000
515	517	515	0.7589	1400.0000
517	518	516	0.5891	2200.0000
517	519	517	0.5719	1400.0000
519	520	518	0.5002	2200.0000
519	521	519	0.6611	1400.0000
521	522	520	0.5129	2200.0000
521	523	521	0.6544	1400.0000
523	524	522	0.5589	2200.0000
523	525	523	0.7589	1400.0000
525	526	524	0.5892	2200.0000
525	527	525	0.5719	1400.0000
527	528	526	0.5002	2200.0000
527	529	527	0.6612	1400.0000
529	530	528	0.5128	2200.0000
529	531	529	0.6543	1400.0000
531	532	530	0.5588	2200.0000
531	533	531	0.7589	1400.0000
533	534	532	0.5892	2200.0000
533	535	533	0.5720	1400.0000
535	536	534	0.5002	2200.0000
535	537	535	0.6612	1400.0000
537	538	536	0.5129	2200.0000
537	539	537	0.6544	1400.0000
539	540	538	0.5589	2200.0000
539	541	539	0.7589	1400.0000
541	542	540	0.5892	2200.0000
541	543	541	0.5720	1400.0000
543	544	542	0.5002	2200.0000
543	545	543	0.6612	1400.0000
545	546	544	0.5128	2200.0000
545	547	545	0.6543	1400.0000
547	548	546	0.5589	2200.0000
547	549	547	0.7590	1400.0000
549	550	548	0.5892	2200.0000
549	551	549	0.5719	1400.0000
551	552	550	0.5003	2200.0000
551	553	551	0.6611	1400.0000
553	554	552	0.5129	2200.0000
553	555	553	0.6544	1400.0000
555	556	554	0.5588	2200.0000
555	557	555	0.7589	1400.0000
557	558	556	0.5891	2200.0000
557	559	557	0.6250	1400.0000
559	560	558	0.5002	2200.0000
561	562	559	0.5589	2200.0000
561	563	560	0.7062	1400.0000
563	564	561	0.5129	2200.0000
563	565	562	0.6056	1400.0000
565	566	563	0.5002	2200.0000
565	567	564	0.7616	1400.0000
567	568	565	0.5892	2200.0000
567	569	566	0.6061	1400.0000
569	570	567	0.5589	2200.0000
569	571	568	0.6540	1400.0000
571	572	569	0.5128	2200.0000
571	573	570	0.6056	1400.0000
573	574	571	0.5002	2200.0000
573	575	572	0.7616	1400.0000
575	576	573	0.5892	2200.0000
575	577	574	0.6061	1400.0000
577	578	575	0.5589	2200.0000
577	579	576	0.6539	1400.0000
579	580	577	0.5129	2200.0000
579	581	578	0.6056	1400.0000
581	582	579	0.5002	2200.0000
581	583	580	0.7616	1400.0000
583	584	581	0.5891	2200.0000
583	585	582	0.6061	1400.0000
585	586	583	0.5589	2200.0000
585	587	584	0.6539	1400.0000
587	588	585	0.5129	2200.0000
587	589	586	0.6057	1400.0000
589	590	587	0.5002	2200.0000
589	591	588	0.7616	1400.0000
591	592	589	0.5892	2200.0000
591	593	590	0.6061	1400.0000
593	594	591	0.5589	2200.0000
593	595	592	0.6539	1400.0000
595	596	593	0.5129	2200.0000
595	597	594	0.6056	1400.0000
597	598	595	0.5001	2200.0000
597	599	596	0.7616	1400.0000
599	600	597	0.5891	2200.0000
599	601	598	0.6060	1400.0000
601	602	599	0.5589	2200.0000
601	603	600	0.6540	1400.0000
603	604	601	0.5129	2200.0000
603	605	602	0.6056	1400.0000
605	606	603	0.5002	2200.0000
605	607	604	0.7616	1400.0000
607	608	605	0.5891	2200.0000
607	609	606	0.6062	1400.0000
609	610	607	0.5588	2200.0000
609	611	608	0.6539	1400.0000
611	612	609	0.5129	2200.0000
611	613	610	0.6056	1400.0000
613	614	611	0.5002	2200.0000
613	615	612	0.7617	1400.0000
615	616	613	0.5892	2200.0000
615	617	614	0.6062	1400.0000
617	618	615	0.5588	2200.0000
617	619	616	0.6539	1400.0000
619	620	617	0.5129	2200.0000
619	621	618	0.6055	1400.0000
621	622	619	0.5003	2200.0000
621	623	620	0.7617	1400.0000
623	624	621	0.5892	2200.0000
623	625	622	0.6061	1400.0000
625	626	623	0.5589	2200.0000
625	627	624	0.6540	1400.0000
627	628	625	0.5128	2200.0000
627	629	626	0.6056	1400.0000
629	630	627	0.5002	2200.0000
629	631	628	0.7617	1400.0000
631	632	629	0.5892	2200.0000
631	633	630	0.6061	1400.0000
633	634	631	0.5589	2200.0000
633	635	632	0.6540	1400.0000
635	636	633	0.5129	2200.0000
635	637	634	0.6056	1400.0000
637	638	635	0.5002	2200.0000
637	639	636	0.7617	1400.0000
639	640	637	0.5891	2200.0000
639	641	638	0.6061	1400.0000
641	642	639	0.5588	2200.0000
641	643	640	0.6540	1400.0000
643	644	641	0.5128	2200.0000
643	645	642	0.6056	1400.0000
645	646	643	0.5002	2200.0000
645	647	644	0.7616	1400.0000
647	648	645	0.5892	2200.0000
647	649	646	0.6060	1400.0000
649	650	647	0.5589	2200.0000
649	651	648	0.6540	1400.0000
651	652	649	0.5129	2200.0000
651	653	650	0.6057	1400.0000
653	654	651	0.5002	2200.0000
653	655	652	0.7616	1400.0000
655	656	653	0.5891	2200.0000
655	657	654	0.6061	1400.0000
657	658	655	0.5588	2200.0000
657	659	656	0.6539	1400.0000
659	660	657	0.5129	2200.0000
659	661	658	0.6057	1400.0000
661	662	659	0.5003	2200.0000
661	663	660	0.7616	1400.0000
663	664	661	0.5892	2200.0000
663	665	662	0.6060	1400.0000
665	666	663	0.5589	2200.0000
665	667	664	0.6540	1400.0000
667	668	665	0.5128	2200.0000
667	669	666	0.6056	1400.0000
669	670	667	0.5002	2200.0000
669	671	668	0.7616	1400.0000
671	672	669	0.5891	2200.0000
671	673	670	0.6061	1400.0000
673	674	671	0.5589	2200.0000
673	675	672	0.6540	1400.0000
675	676	673	0.5129	2200.0000
675	677	674	0.6056	1400.0000
677	678	675	0.5003	2200.0000
677	679	676	0.7616	1400.0000
679	680	677	0.5892	2200.0000
679	681	678	0.6061	1400.0000
681	682	679	0.5589	2200.0000
681	683	680	0.6540	1400.0000
683	684	681	0.5129	2200.0000
683	685	682	0.6056	1400.0000
685	686	683	0.5002	2200.0000
685	687	684	0.7617	1400.0000
687	688	685	0.5892	2200.0000
687	689	686	0.6061	1400.0000
689	690	687	0.5589	2200.0000
689	691	688	0.6540	1400.0000
691	692	689	0.5129	2200.0000
691	693	690	0.6056	1400.0000
693	694	691	0.5002	2200.0000
693	695	692	0.7616	1400.0000
695	696	693	0.5891	2200.0000
695	697	694	0.6061	1400.0000
697	698	695	0.5589	2200.0000
697	699	696	0.6539	1400.0000
699	700	697	0.5129	2200.0000
699	701	698	0.6056	1400.0000
701	702	699	0.5003	2200.0000
701	703	700	0.7616	1400.0000
703	704	701	0.5891	2200.0000
703	705	702	0.6061	1400.0000
705	706	703	0.5589	2200.0000
705	707	704	0.6539	1400.0000
707	708	705	0.5129	2200.0000
707	709	706	0.6057	1400.0000
709	710	707	0.5001	2200.0000
709	711	708	0.7616	1400.0000
711	712	709	0.5891	2200.0000
711	713	710	0.6061	1400.0000
713	714	711	0.5589	2200.0000
713	715	712	0.6539	1400.0000
715	716	713	0.5129	2200.0000
715	717	714	0.6057	1400.0000
717	718	715	0.5002	2200.0000
717	719	716	0.7616	1400.0000
719	720	717	0.5892	2200.0000
719	721	718	0.6061	1400.0000
721	722	719	0.5589	2200.0000
721	723	720	0.6540	1400.0000
723	724	721	0.5128	2200.0000
723	725	722	0.6056	1400.0000
725	726	723	0.5002	2200.0000
725	727	724	0.7616	1400.0000
727	728	725	0.5892	2200.0000
727	729	726	0.6062	1400.0000
729	730	727	0.5589	2200.0000
729	731	728	0.6540	1400.0000
731	732	729	0.5129	2200.0000
731	733	730	0.6056	1400.0000
733	734	731	0.5002	2200.0000
733	735	732	0.7616	1400.0000
735	736	733	0.5892	2200.0000
735	737	734	0.6061	1400.0000
737	738	735	0.5589	2200.0000
737	739	736	0.6540	1400.0000
739	740	737	0.5128	2200.0000
739	741	738	0.6056	1400.0000
741	742	739	0.5002	2200.0000
741	743	740	0.7616	1400.0000
743	744	741	0.5892	2200.0000
743	745	742	0.6061	1400.0000
745	746	743	0.5589	2200.0000
745	747	744	0.6539	1400.0000
747	748	745	0.5129	2200.0000
747	749	746	0.6056	1400.0000
749	750	747	0.5002	2200.0000
749	751	748	0.7616	1400.0000
751	752	749	0.5891	2200.0000
751	753	750	0.6061	1400.0000
753	754	751	0.5589	2200.0000
753	755	752	0.6539	1400.0000
755	756	753	0.5129	2200.0000
755	757	754	0.6057	1400.0000
757	758	755	0.5002	2200.0000
757	759	756	0.7616	1400.0000
759	760	757	0.5892	2200.0000
759	761	758	0.6060	1400.0000
761	762	759	0.5589	2200.0000
761	763	760	0.6540	1400.0000
763	764	761	0.5129	2200.0000
763	765	762	0.6056	1400.0000
765	766	763	0.5001	2200.0000
765	767	764	0.7616	1400.0000
767	768	765	0.5891	2200.0000
767	769	766	0.6060	1400.0000
769	770	767	0.5589	2200.0000
769	771	768	0.6540	1400.0000
771	772	769	0.5129	2200.0000
771	773	770	0.6056	1400.0000
773	774	771	0.5002	2200.0000
773	775	772	0.7616	1400.0000
775	776	773	0.5891	2200.0000
775	777	774	0.6062	1400.0000
777	778	775	0.5588	2200.0000
777	779	776	0.6539	1400.0000
779	780	777	0.5129	2200.0000
779	781	778	0.6056	1400.0000
781	782	779	0.5002	2200.0000
781	783	780	0.7617	1400.0000
783	784	781	0.5892	2200.0000
783	785	782	0.6062	1400.0000
785	786	783	0.5588	2200.0000
785	787	784	0.6539	1400.0000
787	788	785	0.5129	2200.0000
787	789	786	0.6055	1400.0000
789	790	787	0.5003	2200.0000
789	791	788	0.7617	1400.0000
791	792	789	0.5892	2200.0000
791	793	790	0.6061	1400.0000
793	794	791	0.5589	2200.0000
793	795	792	0.6540	1400.0000
795	796	793	0.5128	2200.0000
795	797	794	0.6056	1400.0000
797	798	795	0.5002	2200.0000
797	799	796	0.7617	1400.0000
799	800	797	0.5892	2200.0000
799	801	798	0.6061	1400.0000
801	802	799	0.5589	2200.0000
801	803	800	0.6540	1400.0000
803	804	801	0.5129	2200.0000
803	805	802	0.6056	1400.0000
805	806	803	0.5002	2200.0000
805	807	804	0.7617	1400.0000
807	808	805	0.5891	2200.0000
807	809	806	0.6061	1400.0000
809	810	807	0.5588	2200.0000
809	811	808	0.6540	1400.0000
811	812	809	0.5128	2200.0000
811	813	810	0.6056	1400.0000
813	814	811	0.5002	2200.0000
813	815	812	0.7616	1400.0000
815	816	813	0.5892	2200.0000
815	817	814	0.6061	1400.0000
817	818	815	0.5589	2200.0000
817	819	816	0.6539	1400.0000
819	820	817	0.5129	2200.0000
819	821	818	0.6057	1400.0000
821	822	819	0.5002	2200.0000
821	823	820	0.7616	1400.0000
823	824	821	0.5891	2200.0000
823	825	822	0.6061	1400.0000
825	826	823	0.5589	2200.0000
825	827	824	0.6539	1400.0000
827	828	825	0.5129	2200.0000
827	829	826	0.6057	1400.0000
829	830	827	0.5003	2200.0000
829	831	828	0.7616	1400.0000
831	832	829	0.5892	2200.0000
831	833	830	0.6061	1400.0000
833	834	831	0.5588	2200.0000
833	835	832	0.6539	1400.0000
835	836	833	0.5128	2200.0000
835	837	834	0.6056	1400.0000
837	838	835	0.5002	2200.0000
837	839	836	0.7616	1400.0000
839	840	837	0.5891	2200.0000
839	841	838	0.6061	1400.0000
841	842	839	0.5589	2200.0000
841	843	840	0.6540	1400.0000
843	844	841	0.5129	2200.0000
843	845	842	0.6056	1400.0000
845	846	843	0.5003	2200.0000
845	847	844	0.7616	1400.0000
847	848	845	0.5892	2200.0000
847	849	846	0.6061	1400.0000
849	850	847	0.5589	2200.0000
849	851	848	0.6540	1400.0000
851	852	849	0.5129	2200.0000
851	853	850	0.6056	1400.0000
853	854	851	0.5002	2200.0000
853	855	852	0.7617	1400.0000
855	856	853	0.5892	2200.0000
855	857	854	0.6061	1400.0000
857	858	855	0.5589	2200.0000
857	859	856	0.6540	1400.0000
859	860	857	0.5129	2200.0000
859	861	858	0.6056	1400.0000
861	862	859	0.5002	2200.0000
861	863	860	0.7616	1400.0000
863	864	861	0.5891	2200.0000
863	865	862	0.6061	1400.0000
865	866	863	0.5589	2200.0000
865	867	864	0.6540	1400.0000
867	868	865	0.5129	2200.0000
867	869	866	0.6056	1400.0000
869	870	867	0.5003	2200.0000
869	871	868	0.7616	1400.0000
871	872	869	0.5891	2200.0000
871	873	870	0.6061	1400.0000
873	874	871	0.5589	2200.0000
873	875	872	0.6539	1400.0000
875	876	873	0.5129	2200.0000
875	877	874	0.6057	1400.0000
877	878	875	0.5001	2200.0000
877	879	876	0.7616	1400.0000
879	880	877	0.5891	2200.0000
879	881	878	0.6061	1400.0000
881	882	879	0.5589	2200.0000
881	883	880	0.6539	1400.0000
883	884	881	0.5129	2200.0000
883	885	882	0.6057	1400.0000
885	886	883	0.5002	2200.0000
885	887	884	0.7616	1400.0000
887	888	885	0.5892	2200.0000
887	889	886	0.6061	1400.0000
889	890	887	0.5589	2200.0000
889	891	888	0.6540	1400.0000
891	892	889	0.5128	2200.0000
891	893	890	0.6056	1400.0000
893	894	891	0.5002	2200.0000
893	895	892	0.7616	1400.0000
895	896	893	0.5892	2200.0000
895	897	894	0.6062	1400.0000
897	898	895	0.5589	2200.0000
897	899	896	0.6539	1400.0000
899	900	897	0.5129	2200.0000
899	901	898	0.6056	1400.0000
901	902	899	0.5002	2200.0000
901	903	900	0.7616	1400.0000
903	904	901	0.5892	2200.0000
903	905	902	0.6061	1400.0000
905	906	903	0.5589	2200.0000
905	907	904	0.6540	1400.0000
907	908	905	0.5128	2200.0000
907	909	906	0.6056	1400.0000
909	910	907	0.5002	2200.0000
909	911	908	0.7616	1400.0000
911	912	909	0.5892	2200.0000
911	913	910	0.6060	1400.0000
913	914	911	0.5589	2200.0000
913	915	912	0.6540	1400.0000
915	916	913	0.5129	2200.0000
915	917	914	0.6056	1400.0000
917	918	915	0.5002	2200.0000
917	919	916	0.7616	1400.0000
919	920	917	0.5891	2200.0000
919	921	918	0.6061	1400.0000
921	922	919	0.5589	2200.0000
921	923	920	0.6539	1400.0000
923	924	921	0.5129	2200.0000
923	925	922	0.6057	1400.0000
925	926	923	0.5002	2200.0000
925	927	924	0.7616	1400.0000
927	928	925	0.5892	2200.0000
927	929	926	0.6061	1400.0000
929	930	927	0.5589	2200.0000
929	931	928	0.6539	1400.0000
931	932	929	0.5129	2200.0000
931	933	930	0.6056	1400.0000
933	934	931	0.5001	2200.0000
933	935	932	0.7616	1400.0000
935	936	933	0.5891	2200.0000
935	937	934	0.6061	1400.0000
937	938	935	0.5588	2200.0000
937	939	936	0.6540	1400.0000
939	940	937	0.5129	2200.0000
939	941	938	0.6056	1400.0000
941	942	939	0.5002	2200.0000
941	943	940	0.7616	1400.0000
943	944	941	0.5891	2200.0000
943	945	942	0.6062	1400.0000
945	946	943	0.5588	2200.0000
945	947	944	0.6539	1400.0000
947	948	945	0.5129	2200.0000
947	949	946	0.6056	1400.0000
949	950	947	0.5002	2200.0000
949	951	948	0.7617	1400.0000
951	952	949	0.5892	2200.0000
951	953	950	0.6062	1400.0000
953	954	951	0.5588	2200.0000
953	955	952	0.6539	1400.0000
955	956	953	0.5129	2200.0000
955	957	954	0.6055	1400.0000
957	958	955	0.5003	2200.0000
957	959	956	0.7617	1400.0000
959	960	957	0.5892	2200.0000
959	961	958	0.6061	1400.0000
961	962	959	0.5589	2200.0000
961	963	960	0.6540	1400.0000
963	964	961	0.5128	2200.0000
963	965	962	0.6056	1400.0000
965	966	963	0.5002	2200.0000
965	967	964	0.7617	1400.0000
967	968	965	0.5892	2200.0000
967	969	966	0.6061	1400.0000
969	970	967	0.5589	2200.0000
969	971	968	0.6540	1400.0000
971	972	969	0.5129	2200.0000
971	973	970	0.6056	1400.0000
973	974	971	0.5002	2200.0000
973	975	972	0.7617	1400.0000
975	976	973	0.5891	2200.0000
975	977	974	0.6061	1400.0000
977	978	975	0.5588	2200.0000
977	979	976	0.6539	1400.0000
979	980	977	0.5128	2200.0000
979	981	978	0.6056	1400.0000
981	982	979	0.5002	2200.0000
981	983	980	0.7616	1400.0000
983	984	981	0.5892	2200.0000
983	985	982	0.6061	1400.0000
985	986	983	0.5589	2200.0000
985	987	984	0.6539	1400.0000
987	988	985	0.5129	2200.0000
987	989	986	0.6057	1400.0000
989	990	987	0.5002	2200.0000
989	991	988	0.7616	1400.0000
991	992	989	0.5891	2200.0000
991	993	990	0.6061	1400.0000
993	994	991	0.5589	2200.0000
993	995	992	0.6539	1400.0000
995	996	993	0.5129	2200.0000
995	997	994	0.6057	1400.0000
997	998	995	0.5003	2200.0000
997	999	996	0.7616	1400.0000
999	1000	997	0.5892	2200.0000
999	1001	998	0.6061	1400.0000
1001	1002	999	0.5588	2200.0000
1001	1003	1000	0.6539	1400.0000
1003	1004	1001	0.5128	2200.0000
1003	1005	1002	0.6056	1400.0000
1005	1006	1003	0.5002	2200.0000
1005	1007	1004	0.7616	1400.0000
1007	1008	1005	0.5891	2200.0000
1007	1009	1006	0.6061	1400.0000
1009	1010	1007	0.5589	2200.0000
1009	1011	1008	0.6540	1400.0000
1011	1012	1009	0.5129	2200.0000
1011	1013	1010	0.6056	1400.0000
1013	1014	1011	0.5003	2200.0000
1013	1015	1012	0.7616	1400.0000
1015	1016	1013	0.5892	2200.0000
1015	1017	1014	0.6061	1400.0000
1017	1018	1015	0.5588	2200.0000
1017	1019	1016	0.6539	1400.0000
1019	1020	1017	0.5129	2200.0000
1019	1021	1018	0.6056	1400.0000
1021	1022	1019	0.5002	2200.0000
1021	1023	1020	0.7617	1400.0000
1023	1024	1021	0.5892	2200.0000
1023	1025	1022	0.6061	1400.0000
1025	1026	1023	0.5589	2200.0000
1025	1027	1024	0.6540	1400.0000
1027	1028	1025	0.5129	2200.0000
1027	1029	1026	0.6056	1400.0000
1029	1030	1027	0.5002	2200.0000
1029	1031	1028	0.7616	1400.0000
1031	1032	1029	0.5891	2200.0000
1031	1033	1030	0.6061	1400.0000
1033	1034	1031	0.5589	2200.0000
1033	1035	1032	0.6539	1400.0000
1035	1036	1033	0.5129	2200.0000
1035	1037	1034	0.6056	1400.0000
1037	1038	1035	0.5003	2200.0000
1037	1039	1036	0.7616	1400.0000
1039	1040	1037	0.5891	2200.0000
1039	1041	1038	0.6061	1400.0000
1041	1042	1039	0.5589	2200.0000
1041	1043	1040	0.6539	1400.0000
1043	1044	1041	0.5129	2200.0000
1043	1045	1042	0.6057	1400.0000
1045	1046	1043	0.5001	2200.0000
1045	1047	1044	0.7616	1400.0000
1047	1048	1045	0.5891	2200.0000
1047	1049	1046	0.6061	1400.0000
1049	1050	1047	0.5589	2200.0000
1049	1051	1048	0.6539	1400.0000
1051	1052	1049	0.5129	2200.0000
1051	1053	1050	0.6057	1400.0000
1053	1054	1051	0.5002	2200.0000
1053	1055	1052	0.7616	1400.0000
1055	1056	1053	0.5892	2200.0000
1055	1057	1054	0.6061	1400.0000
1057	1058	1055	0.5589	2200.0000
1057	1059	1056	0.6540	1400.0000
1059	1060	1057	0.5128	2200.0000
1059	1061	1058	0.6056	1400.0000
1061	1062	1059	0.5002	2200.0000
1061	1063	1060	0.7616	1400.0000
1063	1064	1061	0.5892	2200.0000
1063	1065	1062	0.6062	1400.0000
1065	1066	1063	0.5589	2200.0000
1065	1067	1064	0.6539	1400.0000
1067	1068	1065	0.5129	2200.0000
1067	1069	1066	0.6056	1400.0000
1069	1070	1067	0.5002	2200.0000
1069	1071	1068	0.7616	1400.0000
1071	1072	1069	0.5892	2200.0000
1071	1073	1070	0.6061	1400.0000
1073	1074	1071	0.5589	2200.0000
1073	1075	1072	0.6540	1400.0000
1075	1076	1073	0.5128	2200.0000
1075	1077	1074	0.6056	1400.0000
1077	1078	1075	0.5002	2200.0000
1077	1079	1076	0.7616	1400.0000
1079	1080	1077	0.5892	2200.0000
1079	1081	1078	0.6061	1400.0000
1081	1082	1079	0.5589	2200.0000
1081	1083	1080	0.6539	1400.0000
1083	1084	1081	0.5129	2200.0000
1083	1085	1082	0.6056	1400.0000
1085	1086	1083	0.5002	2200.0000
1085	1087	1084	0.7616	1400.0000
1087	1088	1085	0.5891	2200.0000
1087	1089	1086	0.6061	1400.0000
1089	1090	1087	0.5589	2200.0000
1089	1091	1088	0.6539	1400.0000
1091	1092	1089	0.5129	2200.0000
1091	1093	1090	0.6057	1400.0000
1093	1094	1091	0.5002	2200.0000
1093	1095	1092	0.7616	1400.0000
1095	1096	1093	0.5892	2200.0000
1095	1097	1094	0.6061	1400.0000
1097	1098	1095	0.5589	2200.0000
1097	1099	1096	0.6539	1400.0000
1099	1100	1097	0.5129	2200.0000
1099	1101	1098	0.6056	1400.0000
1101	1102	1099	0.5001	2200.0000
1101	1103	1100	0.7616	1400.0000
1103	1104	1101	0.5891	2200.0000
1103	1105	1102	0.6061	1400.0000
1105	1106	1103	0.5588	2200.0000
1105	1107	1104	0.6540	1400.0000
1107	1108	1105	0.5129	2200.0000
1107	1109	1106	0.6056	1400.0000
1109	1110	1107	0.5002	2200.0000
1109	1111	1108	0.7616	1400.0000
1111	1112	1109	0.5891	2200.0000
1111	1113	1110	0.6062	1400.0000
1113	1114	1111	0.5588	2200.0000
1113	1115	1112	0.6539	1400.0000
1115	1116	1113	0.5129	2200.0000
1115	1117	1114	0.6056	1400.0000
1117	1118	1115	0.5002	2200.0000
1117	1119	1116	0.7617	1400.0000
1119	1120	1117	0.5892	2200.0000
